0.000001  0.000025
0.000001  0.000025
0.000001  0.000025
0.000002  0.000025
0.000001  0.000024
0.000001  0.000025
0.000001  0.000025
0.000002  0.000024
0.000001  0.000025
0.000001  0.000025
0.000001  0.000025
0.000002  0.000025
0.000001  0.000025
0.000002  0.000029
0.000002  0.000025
0.000001  0.000025
0.000002  0.000025
0.000001  0.000024
0.000001  0.000025
0.000001  0.000025
0.000001  0.000025
0.000002  0.000024
0.000001  0.000025
0.000001  0.000025
0.000001  0.000025
0.000001  0.000025
0.000001  0.000025
0.000001  0.000024
0.000001  0.000024
0.000002  0.000025
0.000001  0.000025
0.000001  0.000025
0.000002  0.000025
0.000002  0.000025
0.000001  0.000025
0.000001  0.000024
0.000001  0.000025
0.000002  0.000025
0.000001  0.000025
0.000002  0.000025
0.000001  0.000025
0.000001  0.000025
0.000001  0.000025
0.000001  0.000025
0.000002  0.000025
0.000001  0.000025
0.000001  0.000025
0.000001  0.000025
0.000002  0.000024
0.000001  0.000025
0.000001  0.000025
0.000001  0.000025
0.000001  0.000025
0.000002  0.000025
0.000001  0.000024
0.000001  0.000024
0.000001  0.000024
0.000002  0.000025
0.000001  0.000024
0.000001  0.000025
0.000001  0.000025
0.000001  0.000025
0.000002  0.000025
0.000001  0.000025
0.000002  0.000025
0.000001  0.000025
0.000001  0.000024
0.000001  0.000025
0.000002  0.000025
0.000002  0.000025
0.000002  0.000025
0.000001  0.000025
0.000001  0.000025
0.000001  0.000024
0.000001  0.000025
0.000002  0.000025
0.000001  0.000025
0.000001  0.000025
0.000001  0.000025
0.000001  0.000025
0.000001  0.000025
0.000001  0.000025
0.000002  0.000024
0.000002  0.000023
0.000002  0.000024
0.000002  0.000024
0.000001  0.000025
0.000001  0.000025
0.000001  0.000025
0.000001  0.000025
0.000001  0.000025
0.000001  0.000025
0.000001  0.000025
0.000001  0.000025
0.000001  0.000025
0.000001  0.000024
0.000001  0.000025
0.000001  0.000024
0.000001  0.000025
0.000002  0.000025
