0.000002  0.000020
0.000002  0.000023
0.000002  0.000019
0.000002  0.000020
0.000002  0.000023
0.000002  0.000019
0.000002  0.000020
0.000002  0.000020
0.000002  0.000024
0.000002  0.000021
0.000002  0.000020
0.000002  0.000021
0.000002  0.000020
0.000002  0.000022
0.000002  0.000019
0.000002  0.000020
0.000002  0.000020
0.000002  0.000024
0.000002  0.000021
0.000002  0.000021
0.000002  0.000087
0.000002  0.000021
0.000002  0.000020
0.000002  0.000021
0.000002  0.000021
0.000002  0.000025
0.000002  0.000021
0.000002  0.000021
0.000002  0.000018
0.000002  0.000021
0.000002  0.000021
0.000002  0.000024
0.000002  0.000023
0.000002  0.000019
0.000002  0.000023
0.000002  0.000020
0.000002  0.000021
0.000002  0.000022
0.000002  0.000020
0.000002  0.000021
0.000002  0.000021
0.000003  0.000024
0.000002  0.000022
0.000002  0.000021
0.000002  0.000020
0.000002  0.000021
0.000003  0.000066
0.000002  0.000019
0.000002  0.000021
0.000002  0.000020
0.000002  0.000022
0.000002  0.000021
0.000002  0.000020
0.000002  0.000021
0.000002  0.000020
0.000002  0.000021
0.000002  0.000021
0.000002  0.000024
0.000002  0.000020
0.000002  0.000021
0.000002  0.000022
0.000002  0.000023
0.000002  0.000020
0.000002  0.000023
0.000002  0.000021
0.000002  0.000021
0.000002  0.000021
0.000002  0.000020
0.000002  0.000022
0.000002  0.000022
0.000002  0.000021
0.000002  0.000022
0.000002  0.000022
0.000002  0.000019
0.000002  0.000020
0.000002  0.000022
0.000002  0.000018
0.000002  0.000020
0.000002  0.000022
0.000002  0.000066
0.000002  0.000021
0.000002  0.000019
0.000002  0.000019
0.000002  0.000021
0.000002  0.000020
0.000002  0.000020
0.000002  0.000019
0.000002  0.000022
0.000002  0.000024
0.000002  0.000021
0.000002  0.000021
0.000002  0.000067
0.000002  0.000023
0.000002  0.000021
0.000002  0.000023
0.000002  0.000019
0.000002  0.000023
0.000002  0.000023
0.000002  0.000066
0.000002  0.000019
