0.000002  0.000024
0.000001  0.000025
0.000001  0.000025
0.000001  0.000025
0.000002  0.000025
0.000001  0.000025
0.000001  0.000025
0.000001  0.000025
0.000002  0.000025
0.000001  0.000025
0.000001  0.000024
0.000001  0.000025
0.000002  0.000028
0.000002  0.000025
0.000001  0.000025
0.000001  0.000025
0.000001  0.000025
0.000001  0.000025
0.000001  0.000025
0.000002  0.000025
0.000001  0.000024
0.000001  0.000025
0.000001  0.000025
0.000001  0.000025
0.000001  0.000025
0.000001  0.000025
0.000001  0.000024
0.000002  0.000075
0.000001  0.000025
0.000002  0.000024
0.000001  0.000024
0.000001  0.000025
0.000001  0.000025
0.000001  0.000025
0.000002  0.000025
0.000001  0.000025
0.000001  0.000025
0.000002  0.000025
0.000001  0.000024
0.000002  0.000025
0.000001  0.000025
0.000001  0.000025
0.000001  0.000024
0.000002  0.000025
0.000001  0.000025
0.000001  0.000025
0.000001  0.000025
0.000001  0.000025
0.000001  0.000025
0.000001  0.000024
0.000002  0.000025
0.000002  0.000025
0.000001  0.000025
0.000002  0.000025
0.000001  0.000025
0.000002  0.000025
0.000002  0.000025
0.000001  0.000025
0.000001  0.000024
0.000001  0.000024
0.000001  0.000024
0.000001  0.000025
0.000002  0.000025
0.000001  0.000025
0.000001  0.000025
0.000001  0.000024
0.000001  0.000025
0.000001  0.000025
0.000001  0.000025
0.000001  0.000025
0.000001  0.000025
0.000001  0.000025
0.000001  0.000025
0.000001  0.000024
0.000001  0.000025
0.000002  0.000024
0.000002  0.000024
0.000002  0.000025
0.000001  0.000021
0.000002  0.000024
0.000002  0.000025
0.000001  0.000019
0.000002  0.000025
0.000001  0.000025
0.000001  0.000025
0.000001  0.000025
0.000002  0.000025
0.000001  0.000025
0.000001  0.000025
0.000001  0.000025
0.000002  0.000025
0.000002  0.000024
0.000002  0.000025
0.000001  0.000025
0.000002  0.000025
0.000001  0.000025
0.000001  0.000025
0.000002  0.000024
0.000002  0.000022
0.000001  0.000025
